test_mission:
  waypoint_1:
    x_m: 2.1844096183776855
    y_m: 1.4761362075805664
    yaw_rad: 1.9999427795410156
  waypoint_2:
    x_m: 0.05128335952758789
    y_m: 3.5637753009796143
    yaw_rad: 3.1197783946990967
  waypoint_3:
    x_m: -3.949237108230591
    y_m: 2.1273207664489746
    yaw_rad: -0.4346764683723451
